mode locator steps=600 compiling...
max|w|=3.6226e+01 at k=4/40 x=39/80
row k=4: w[x] sample head=[-0.211 -0.211 -0.211 -0.211 -0.211 -0.211 -0.21  -0.21 ] tail=[-0.211 -0.211 -0.211 -0.211]
col x=39: w[k] = [  0.     16.177  27.877  34.812  36.226  32.012  22.907  10.34   -3.731
 -17.111 -27.79  -34.253 -35.612 -31.727 -23.236 -11.52   -0.266   1.654
   1.721   1.723   1.721   1.721   1.721   1.721   1.721   1.72    1.72
   1.72    1.717   1.537   1.135   0.734   0.45    0.283   0.189   0.136
   0.106   0.088   0.154   0.212   0.   ]
horizontal-coherence(|sum alt|/sum|.|)=0.000  vertical-coherence=0.008
  (coherence near 1 => smooth/large-scale; near 0 => 2dx checkerboard)
per-k max|w|: [ 0.    16.177 27.877 34.812 36.226 32.012 22.907 10.34   3.731 17.111
 27.79  34.253 35.612 31.727 23.236 11.52   1.148  1.654  1.721  1.723
  1.721  1.721  1.721  1.721  1.721  1.72   1.72   1.72   1.717  1.537
  1.135  0.734  0.45   0.283  0.189  0.137  0.107  0.089  0.154  0.212
  0.   ]
