SCEN  1 PRE
ISNOW    0
SCAL   0.0000000000000000E+00  0.0000000000000000E+00  0.0000000000000000E+00  0.0000000000000000E+00
ALBOLD   6.5000000000000002E-01
OUTS   0.0000000000000000E+00  0.0000000000000000E+00  0.0000000000000000E+00  0.0000000000000000E+00
SNL  -2  0.0000000000000000E+00  0.0000000000000000E+00  0.0000000000000000E+00
SNL  -1  0.0000000000000000E+00  0.0000000000000000E+00  0.0000000000000000E+00
SNL   0  0.0000000000000000E+00  0.0000000000000000E+00  0.0000000000000000E+00
ZD  -2  0.0000000000000000E+00  0.0000000000000000E+00
ZD  -1  0.0000000000000000E+00  0.0000000000000000E+00
ZD   0  0.0000000000000000E+00  0.0000000000000000E+00
ZD   1 -1.0000000000000001E-01  1.0000000000000001E-01
ZD   2 -4.0000000000000002E-01  3.0000000000000004E-01
ZD   3 -1.0000000000000000E+00  5.9999999999999998E-01
ZD   4 -2.0000000000000000E+00  1.0000000000000000E+00
SOIL   1  2.5000000000000000E-01  5.0000000000000003E-02
SOIL   2  2.5000000000000000E-01  5.0000000000000003E-02
SOIL   3  2.5000000000000000E-01  5.0000000000000003E-02
SOIL   4  2.5000000000000000E-01  5.0000000000000003E-02
SCEN  1 POST
ISNOW    0
SCAL   0.0000000000000000E+00  0.0000000000000000E+00  0.0000000000000000E+00  0.0000000000000000E+00
ALBOLD   6.4950124791926822E-01
OUTS   0.0000000000000000E+00  0.0000000000000000E+00  0.0000000000000000E+00  0.0000000000000000E+00
SNL  -2  0.0000000000000000E+00  0.0000000000000000E+00  0.0000000000000000E+00
SNL  -1  0.0000000000000000E+00  0.0000000000000000E+00  0.0000000000000000E+00
SNL   0  0.0000000000000000E+00  0.0000000000000000E+00  0.0000000000000000E+00
ZD  -2  0.0000000000000000E+00  0.0000000000000000E+00
ZD  -1  0.0000000000000000E+00  0.0000000000000000E+00
ZD   0  0.0000000000000000E+00  0.0000000000000000E+00
ZD   1 -1.0000000000000001E-01  1.0000000000000001E-01
ZD   2 -4.0000000000000002E-01  3.0000000000000004E-01
ZD   3 -1.0000000000000000E+00  5.9999999999999998E-01
ZD   4 -2.0000000000000000E+00  1.0000000000000000E+00
SOIL   1  2.5000000000000000E-01  5.0000000000000003E-02
SOIL   2  2.5000000000000000E-01  5.0000000000000003E-02
SOIL   3  2.5000000000000000E-01  5.0000000000000003E-02
SOIL   4  2.5000000000000000E-01  5.0000000000000003E-02
SCEN  1 FAGE   0.0000000000000000E+00
SCEN  2 PRE
ISNOW    0
SCAL   0.0000000000000000E+00  0.0000000000000000E+00  0.0000000000000000E+00  0.0000000000000000E+00
ALBOLD   6.5000000000000002E-01
OUTS   0.0000000000000000E+00  0.0000000000000000E+00  0.0000000000000000E+00  0.0000000000000000E+00
SNL  -2  0.0000000000000000E+00  0.0000000000000000E+00  0.0000000000000000E+00
SNL  -1  0.0000000000000000E+00  0.0000000000000000E+00  0.0000000000000000E+00
SNL   0  0.0000000000000000E+00  0.0000000000000000E+00  0.0000000000000000E+00
ZD  -2  0.0000000000000000E+00  0.0000000000000000E+00
ZD  -1  0.0000000000000000E+00  0.0000000000000000E+00
ZD   0  0.0000000000000000E+00  0.0000000000000000E+00
ZD   1 -1.0000000000000001E-01  1.0000000000000001E-01
ZD   2 -4.0000000000000002E-01  3.0000000000000004E-01
ZD   3 -1.0000000000000000E+00  5.9999999999999998E-01
ZD   4 -2.0000000000000000E+00  1.0000000000000000E+00
SOIL   1  2.5000000000000000E-01  5.0000000000000003E-02
SOIL   2  2.5000000000000000E-01  5.0000000000000003E-02
SOIL   3  2.5000000000000000E-01  5.0000000000000003E-02
SOIL   4  2.5000000000000000E-01  5.0000000000000003E-02
SCEN  2 POST
ISNOW   -2
SCAL   1.1960439893225790E-01  9.0000000000000000E+00  0.0000000000000000E+00  0.0000000000000000E+00
ALBOLD   8.3999999999999997E-01
OUTS   0.0000000000000000E+00  0.0000000000000000E+00  0.0000000000000000E+00  0.0000000000000000E+00
SNL  -2  0.0000000000000000E+00  0.0000000000000000E+00  0.0000000000000000E+00
SNL  -1  3.7624034234298787E+00  0.0000000000000000E+00  2.6800000000000000E+02
SNL   0  5.2375965765701213E+00  0.0000000000000000E+00  2.6800000000000000E+02
ZD  -2  0.0000000000000000E+00  0.0000000000000000E+00
ZD  -1 -5.0000000000000003E-02  5.0000000000000003E-02
ZD   0 -1.1960439893225790E-01  6.9604398932257894E-02
ZD   1 -2.1960439893225792E-01  1.0000000000000001E-01
ZD   2 -5.1960439893225796E-01  3.0000000000000004E-01
ZD   3 -1.1196043989322579E+00  5.9999999999999998E-01
ZD   4 -2.1196043989322577E+00  1.0000000000000000E+00
SOIL   1  2.5000000000000000E-01  5.0000000000000003E-02
SOIL   2  2.5000000000000000E-01  5.0000000000000003E-02
SOIL   3  2.5000000000000000E-01  5.0000000000000003E-02
SOIL   4  2.5000000000000000E-01  5.0000000000000003E-02
SCEN  2 FAGE   0.0000000000000000E+00
SCEN  3 PRE
ISNOW    0
SCAL   0.0000000000000000E+00  0.0000000000000000E+00  0.0000000000000000E+00  0.0000000000000000E+00
ALBOLD   6.5000000000000002E-01
OUTS   0.0000000000000000E+00  0.0000000000000000E+00  0.0000000000000000E+00  0.0000000000000000E+00
SNL  -2  0.0000000000000000E+00  0.0000000000000000E+00  0.0000000000000000E+00
SNL  -1  0.0000000000000000E+00  0.0000000000000000E+00  0.0000000000000000E+00
SNL   0  0.0000000000000000E+00  0.0000000000000000E+00  0.0000000000000000E+00
ZD  -2  0.0000000000000000E+00  0.0000000000000000E+00
ZD  -1  0.0000000000000000E+00  0.0000000000000000E+00
ZD   0  0.0000000000000000E+00  0.0000000000000000E+00
ZD   1 -1.0000000000000001E-01  1.0000000000000001E-01
ZD   2 -4.0000000000000002E-01  3.0000000000000004E-01
ZD   3 -1.0000000000000000E+00  5.9999999999999998E-01
ZD   4 -2.0000000000000000E+00  1.0000000000000000E+00
SOIL   1  2.5000000000000000E-01  5.0000000000000003E-02
SOIL   2  2.5000000000000000E-01  5.0000000000000003E-02
SOIL   3  2.5000000000000000E-01  5.0000000000000003E-02
SOIL   4  2.5000000000000000E-01  5.0000000000000003E-02
SCEN  3 POST
ISNOW   -3
SCAL   5.1028233410449220E-01  3.6000000000000000E+01  0.0000000000000000E+00  0.0000000000000000E+00
ALBOLD   8.3999999999999997E-01
OUTS   0.0000000000000000E+00  0.0000000000000000E+00  0.0000000000000000E+00  0.0000000000000000E+00
SNL  -2  3.5274589765269204E+00  0.0000000000000000E+00  2.6500000000000000E+02
SNL  -1  1.4109835906107683E+01  0.0000000000000000E+00  2.6500000000000000E+02
SNL   0  1.8362705117365401E+01  0.0000000000000000E+00  2.6500000000000000E+02
ZD  -2 -5.0000000000000003E-02  5.0000000000000003E-02
ZD  -1 -2.5000000000000000E-01  2.0000000000000001E-01
ZD   0 -5.1028233410449220E-01  2.6028233410449220E-01
ZD   1 -6.1028233410449217E-01  1.0000000000000001E-01
ZD   2 -9.1028233410449222E-01  3.0000000000000004E-01
ZD   3 -1.5102823341044922E+00  5.9999999999999998E-01
ZD   4 -2.5102823341044922E+00  1.0000000000000000E+00
SOIL   1  2.5000000000000000E-01  5.0000000000000003E-02
SOIL   2  2.5000000000000000E-01  5.0000000000000003E-02
SOIL   3  2.5000000000000000E-01  5.0000000000000003E-02
SOIL   4  2.5000000000000000E-01  5.0000000000000003E-02
SCEN  3 FAGE   0.0000000000000000E+00
SCEN  4 PRE
ISNOW   -1
SCAL   2.9999999999999999E-01  3.0000000000000000E+01  3.0000000000000000E+01  0.0000000000000000E+00
ALBOLD   6.5000000000000002E-01
OUTS   0.0000000000000000E+00  0.0000000000000000E+00  0.0000000000000000E+00  0.0000000000000000E+00
SNL  -2  0.0000000000000000E+00  0.0000000000000000E+00  0.0000000000000000E+00
SNL  -1  0.0000000000000000E+00  0.0000000000000000E+00  0.0000000000000000E+00
SNL   0  3.0000000000000000E+01  0.0000000000000000E+00  2.6300000000000000E+02
ZD  -2  0.0000000000000000E+00  0.0000000000000000E+00
ZD  -1  0.0000000000000000E+00  0.0000000000000000E+00
ZD   0 -2.9999999999999999E-01  2.9999999999999999E-01
ZD   1 -4.0000000000000002E-01  1.0000000000000001E-01
ZD   2 -6.9999999999999996E-01  3.0000000000000004E-01
ZD   3 -1.3000000000000000E+00  5.9999999999999998E-01
ZD   4 -2.2999999999999998E+00  1.0000000000000000E+00
SOIL   1  2.5000000000000000E-01  5.0000000000000003E-02
SOIL   2  2.5000000000000000E-01  5.0000000000000003E-02
SOIL   3  2.5000000000000000E-01  5.0000000000000003E-02
SOIL   4  2.5000000000000000E-01  5.0000000000000003E-02
SCEN  4 POST
ISNOW   -3
SCAL   5.5631591816080461E-01  4.8000000000000007E+01  3.0000000000000000E+01  0.0000000000000000E+00
ALBOLD   8.3999999999999997E-01
OUTS   0.0000000000000000E+00  0.0000000000000000E+00  0.0000000000000000E+00  0.0000000000000000E+00
SNL  -2  4.3140955015892128E+00  0.0000000000000000E+00  2.6300000000000000E+02
SNL  -1  1.7256382006356858E+01  0.0000000000000000E+00  2.6300000000000000E+02
SNL   0  2.6429522492053934E+01  0.0000000000000000E+00  2.6300000000000000E+02
ZD  -2 -5.0000000000000003E-02  5.0000000000000003E-02
ZD  -1 -2.5000000000000000E-01  2.0000000000000001E-01
ZD   0 -5.5631591816080461E-01  3.0631591816080456E-01
ZD   1 -6.5631591816080459E-01  1.0000000000000001E-01
ZD   2 -9.5631591816080463E-01  3.0000000000000004E-01
ZD   3 -1.5563159181608046E+00  5.9999999999999998E-01
ZD   4 -2.5563159181608048E+00  1.0000000000000000E+00
SOIL   1  2.5000000000000000E-01  5.0000000000000003E-02
SOIL   2  2.5000000000000000E-01  5.0000000000000003E-02
SOIL   3  2.5000000000000000E-01  5.0000000000000003E-02
SOIL   4  2.5000000000000000E-01  5.0000000000000003E-02
SCEN  4 FAGE   0.0000000000000000E+00
SCEN  5 PRE
ISNOW   -1
SCAL   5.9999999999999998E-01  1.2000000000000000E+02  1.2000000000000000E+02  0.0000000000000000E+00
ALBOLD   6.5000000000000002E-01
OUTS   0.0000000000000000E+00  0.0000000000000000E+00  0.0000000000000000E+00  0.0000000000000000E+00
SNL  -2  0.0000000000000000E+00  0.0000000000000000E+00  0.0000000000000000E+00
SNL  -1  0.0000000000000000E+00  0.0000000000000000E+00  0.0000000000000000E+00
SNL   0  1.2000000000000000E+02  0.0000000000000000E+00  2.6800000000000000E+02
ZD  -2  0.0000000000000000E+00  0.0000000000000000E+00
ZD  -1  0.0000000000000000E+00  0.0000000000000000E+00
ZD   0 -5.9999999999999998E-01  5.9999999999999998E-01
ZD   1 -6.9999999999999996E-01  1.0000000000000001E-01
ZD   2 -1.0000000000000000E+00  3.0000000000000004E-01
ZD   3 -1.6000000000000001E+00  5.9999999999999998E-01
ZD   4 -2.6000000000000001E+00  1.0000000000000000E+00
SOIL   1  2.5000000000000000E-01  5.0000000000000003E-02
SOIL   2  2.5000000000000000E-01  5.0000000000000003E-02
SOIL   3  2.5000000000000000E-01  5.0000000000000003E-02
SOIL   4  2.5000000000000000E-01  5.0000000000000003E-02
SCEN  5 POST
ISNOW   -3
SCAL   5.9949440663137654E-01  1.2000000000000000E+02  1.2000000000000000E+02  2.2041922326389829E-03
ALBOLD   6.4950124791926822E-01
OUTS   0.0000000000000000E+00  0.0000000000000000E+00  0.0000000000000000E+00  0.0000000000000000E+00
SNL  -2  1.0008433662817049E+01  0.0000000000000000E+00  2.6800000000000000E+02
SNL  -1  4.0033734651268190E+01  0.0000000000000000E+00  2.6800000000000000E+02
SNL   0  6.9957831685914755E+01  0.0000000000000000E+00  2.6800000000000000E+02
ZD  -2 -5.0000000000000003E-02  5.0000000000000003E-02
ZD  -1 -2.5000000000000000E-01  2.0000000000000001E-01
ZD   0 -5.9949440663137654E-01  3.4949440663137649E-01
ZD   1 -6.9949440663137652E-01  1.0000000000000001E-01
ZD   2 -9.9949440663137656E-01  3.0000000000000004E-01
ZD   3 -1.5994944066313765E+00  5.9999999999999998E-01
ZD   4 -2.5994944066313765E+00  1.0000000000000000E+00
SOIL   1  2.5000000000000000E-01  5.0000000000000003E-02
SOIL   2  2.5000000000000000E-01  5.0000000000000003E-02
SOIL   3  2.5000000000000000E-01  5.0000000000000003E-02
SOIL   4  2.5000000000000000E-01  5.0000000000000003E-02
SCEN  5 FAGE   2.1993444546750903E-03
SCEN  6 PRE
ISNOW   -2
SCAL   4.0000000000000002E-01  9.0000000000000000E+01  9.0000000000000000E+01  0.0000000000000000E+00
ALBOLD   6.5000000000000002E-01
OUTS   0.0000000000000000E+00  0.0000000000000000E+00  0.0000000000000000E+00  0.0000000000000000E+00
SNL  -2  0.0000000000000000E+00  0.0000000000000000E+00  0.0000000000000000E+00
SNL  -1  4.0000000000000000E+01  2.0000000000000000E+00  2.7200000000000000E+02
SNL   0  5.0000000000000000E+01  5.0000000000000000E+00  2.7300000000000000E+02
ZD  -2  0.0000000000000000E+00  0.0000000000000000E+00
ZD  -1 -1.7999999999999999E-01  1.7999999999999999E-01
ZD   0 -4.0000000000000002E-01  2.2000000000000000E-01
ZD   1 -5.0000000000000000E-01  1.0000000000000001E-01
ZD   2 -8.0000000000000004E-01  3.0000000000000004E-01
ZD   3 -1.3999999999999999E+00  5.9999999999999998E-01
ZD   4 -2.3999999999999999E+00  1.0000000000000000E+00
SOIL   1  2.5000000000000000E-01  5.0000000000000003E-02
SOIL   2  2.5000000000000000E-01  5.0000000000000003E-02
SOIL   3  2.5000000000000000E-01  5.0000000000000003E-02
SOIL   4  2.5000000000000000E-01  5.0000000000000003E-02
SCEN  6 POST
ISNOW   -3
SCAL   3.9977214069632505E-01  1.0046039023244279E+02  9.0000000000000000E+01  0.0000000000000000E+00
ALBOLD   6.4950124791926822E-01
OUTS   7.7560981976232312E-05  0.0000000000000000E+00  0.0000000000000000E+00  0.0000000000000000E+00
SNL  -2  1.1114163583655143E+01  1.1363959569142263E+00  2.7200000000000000E+02
SNL  -1  3.9442918208172429E+01  3.9561922017805644E+00  2.7237406575204653E+02
SNL   0  3.9442918208172429E+01  5.3678020737479919E+00  2.7295586158605244E+02
ZD  -2 -5.0000000000000003E-02  5.0000000000000003E-02
ZD  -1 -2.2488607034816255E-01  1.7488607034816253E-01
ZD   0 -3.9977214069632505E-01  1.7488607034816253E-01
ZD   1 -4.9977214069632503E-01  1.0000000000000001E-01
ZD   2 -7.9977214069632507E-01  3.0000000000000004E-01
ZD   3 -1.3997721406963251E+00  5.9999999999999998E-01
ZD   4 -2.3997721406963253E+00  1.0000000000000000E+00
SOIL   1  2.5000000000000000E-01  5.0000000000000003E-02
SOIL   2  2.5000000000000000E-01  5.0000000000000003E-02
SOIL   3  2.5000000000000000E-01  5.0000000000000003E-02
SOIL   4  2.5000000000000000E-01  5.0000000000000003E-02
SCEN  6 FAGE   0.0000000000000000E+00
SCEN  7 PRE
ISNOW   -3
SCAL   8.0000000000000004E-01  2.0000000000000000E+02  2.0000000000000000E+02  0.0000000000000000E+00
ALBOLD   6.5000000000000002E-01
OUTS   0.0000000000000000E+00  0.0000000000000000E+00  0.0000000000000000E+00  0.0000000000000000E+00
SNL  -2  6.0000000000000000E+01  1.0000000000000000E+00  2.6000000000000000E+02
SNL  -1  7.0000000000000000E+01  3.0000000000000000E+00  2.6500000000000000E+02
SNL   0  6.5000000000000000E+01  8.0000000000000000E+00  2.7200000000000000E+02
ZD  -2 -2.9999999999999999E-01  2.9999999999999999E-01
ZD  -1 -5.9999999999999998E-01  2.9999999999999999E-01
ZD   0 -8.0000000000000004E-01  2.0000000000000001E-01
ZD   1 -9.0000000000000002E-01  1.0000000000000001E-01
ZD   2 -1.2000000000000002E+00  3.0000000000000004E-01
ZD   3 -1.8000000000000000E+00  5.9999999999999998E-01
ZD   4 -2.7999999999999998E+00  1.0000000000000000E+00
SOIL   1  2.5000000000000000E-01  5.0000000000000003E-02
SOIL   2  2.5000000000000000E-01  5.0000000000000003E-02
SOIL   3  2.5000000000000000E-01  5.0000000000000003E-02
SOIL   4  2.5000000000000000E-01  5.0000000000000003E-02
SCEN  7 POST
ISNOW   -3
SCAL   7.9971573635997395E-01  2.0880000000000004E+02  2.0000000000000000E+02  0.0000000000000000E+00
ALBOLD   6.4950124791926822E-01
OUTS   0.0000000000000000E+00  0.0000000000000000E+00  0.0000000000000000E+00  0.0000000000000000E+00
SNL  -2  1.0002695161416403E+01  1.1727580645120042E+00  2.6000000000000000E+02
SNL  -1  4.3654315226723014E+01  2.1884813486471391E+00  2.6298134981566790E+02
SNL   0  1.4134298961186062E+02  1.0438760586840857E+01  2.6749479687955630E+02
ZD  -2 -5.0000000000000003E-02  5.0000000000000003E-02
ZD  -1 -2.5000000000000000E-01  2.0000000000000001E-01
ZD   0 -7.9971573635997395E-01  5.4971573635997395E-01
ZD   1 -8.9971573635997393E-01  1.0000000000000001E-01
ZD   2 -1.1997157363599740E+00  3.0000000000000004E-01
ZD   3 -1.7997157363599738E+00  5.9999999999999998E-01
ZD   4 -2.7997157363599738E+00  1.0000000000000000E+00
SOIL   1  2.5000000000000000E-01  5.0000000000000003E-02
SOIL   2  2.5000000000000000E-01  5.0000000000000003E-02
SOIL   3  2.5000000000000000E-01  5.0000000000000003E-02
SOIL   4  2.5000000000000000E-01  5.0000000000000003E-02
SCEN  7 FAGE   0.0000000000000000E+00
SCEN  8 PRE
ISNOW   -2
SCAL   2.0000000000000001E-01  3.0000000000000000E+01  3.0000000000000000E+01  0.0000000000000000E+00
ALBOLD   6.5000000000000002E-01
OUTS   0.0000000000000000E+00  0.0000000000000000E+00  0.0000000000000000E+00  0.0000000000000000E+00
SNL  -2  0.0000000000000000E+00  0.0000000000000000E+00  0.0000000000000000E+00
SNL  -1  3.0000000000000000E+01  1.0000000000000000E+00  2.6600000000000000E+02
SNL   0  5.0000000000000003E-02  5.0000000000000000E-01  2.7100000000000000E+02
ZD  -2  0.0000000000000000E+00  0.0000000000000000E+00
ZD  -1 -1.9000000000000000E-01  1.9000000000000000E-01
ZD   0 -2.0000000000000001E-01  1.0000000000000000E-02
ZD   1 -3.0000000000000004E-01  1.0000000000000001E-01
ZD   2 -6.0000000000000009E-01  3.0000000000000004E-01
ZD   3 -1.2000000000000000E+00  5.9999999999999998E-01
ZD   4 -2.2000000000000002E+00  1.0000000000000000E+00
SOIL   1  2.5000000000000000E-01  5.0000000000000003E-02
SOIL   2  2.5000000000000000E-01  5.0000000000000003E-02
SOIL   3  2.5000000000000000E-01  5.0000000000000003E-02
SOIL   4  2.5000000000000000E-01  5.0000000000000003E-02
SCEN  8 POST
ISNOW   -2
SCAL   1.9982885519356647E-01  3.1550000000000004E+01  3.0000000000000000E+01  0.0000000000000000E+00
ALBOLD   6.4950124791926822E-01
OUTS   0.0000000000000000E+00  0.0000000000000000E+00  0.0000000000000000E+00  0.0000000000000000E+00
SNL  -2  0.0000000000000000E+00  0.0000000000000000E+00  0.0000000000000000E+00
SNL  -1  7.5189341326335795E+00  3.7532117134610210E-01  2.6600000000000000E+02
SNL   0  2.2531065867366422E+01  1.1246788286538978E+00  2.6600723051380862E+02
ZD  -2  0.0000000000000000E+00  0.0000000000000000E+00
ZD  -1 -5.0000000000000003E-02  5.0000000000000003E-02
ZD   0 -1.9982885519356647E-01  1.4982885519356648E-01
ZD   1 -2.9982885519356650E-01  1.0000000000000001E-01
ZD   2 -5.9982885519356655E-01  3.0000000000000004E-01
ZD   3 -1.1998288551935665E+00  5.9999999999999998E-01
ZD   4 -2.1998288551935667E+00  1.0000000000000000E+00
SOIL   1  2.5000000000000000E-01  5.0000000000000003E-02
SOIL   2  2.5000000000000000E-01  5.0000000000000003E-02
SOIL   3  2.5000000000000000E-01  5.0000000000000003E-02
SOIL   4  2.5000000000000000E-01  5.0000000000000003E-02
SCEN  8 FAGE   0.0000000000000000E+00
SCEN  9 PRE
ISNOW    0
SCAL   1.0000000000000000E-02  5.0000000000000000E+00  5.0000000000000000E+00  0.0000000000000000E+00
ALBOLD   6.5000000000000002E-01
OUTS   0.0000000000000000E+00  0.0000000000000000E+00  0.0000000000000000E+00  0.0000000000000000E+00
SNL  -2  0.0000000000000000E+00  0.0000000000000000E+00  0.0000000000000000E+00
SNL  -1  0.0000000000000000E+00  0.0000000000000000E+00  0.0000000000000000E+00
SNL   0  0.0000000000000000E+00  0.0000000000000000E+00  0.0000000000000000E+00
ZD  -2  0.0000000000000000E+00  0.0000000000000000E+00
ZD  -1  0.0000000000000000E+00  0.0000000000000000E+00
ZD   0  0.0000000000000000E+00  0.0000000000000000E+00
ZD   1 -1.0000000000000001E-01  1.0000000000000001E-01
ZD   2 -4.0000000000000002E-01  3.0000000000000004E-01
ZD   3 -1.0000000000000000E+00  5.9999999999999998E-01
ZD   4 -2.0000000000000000E+00  1.0000000000000000E+00
SOIL   1  2.5000000000000000E-01  5.0000000000000003E-02
SOIL   2  2.5000000000000000E-01  5.0000000000000003E-02
SOIL   3  2.5000000000000000E-01  5.0000000000000003E-02
SOIL   4  2.5000000000000000E-01  5.0000000000000003E-02
SCEN  9 POST
ISNOW    0
SCAL   0.0000000000000000E+00  0.0000000000000000E+00  5.0000000000000000E+00  0.0000000000000000E+00
ALBOLD   6.4950124791926822E-01
OUTS   0.0000000000000000E+00  0.0000000000000000E+00  0.0000000000000000E+00  0.0000000000000000E+00
SNL  -2  0.0000000000000000E+00  0.0000000000000000E+00  0.0000000000000000E+00
SNL  -1  0.0000000000000000E+00  0.0000000000000000E+00  0.0000000000000000E+00
SNL   0  0.0000000000000000E+00  0.0000000000000000E+00  0.0000000000000000E+00
ZD  -2  0.0000000000000000E+00  0.0000000000000000E+00
ZD  -1  0.0000000000000000E+00  0.0000000000000000E+00
ZD   0  0.0000000000000000E+00  0.0000000000000000E+00
ZD   1 -1.0000000000000001E-01  1.0000000000000001E-01
ZD   2 -4.0000000000000002E-01  3.0000000000000004E-01
ZD   3 -1.0000000000000000E+00  5.9999999999999998E-01
ZD   4 -2.0000000000000000E+00  1.0000000000000000E+00
SOIL   1  2.5000000000000000E-01  2.8000000000000001E-02
SOIL   2  2.5000000000000000E-01  5.0000000000000003E-02
SOIL   3  2.5000000000000000E-01  5.0000000000000003E-02
SOIL   4  2.5000000000000000E-01  5.0000000000000003E-02
SCEN  9 FAGE   0.0000000000000000E+00
SCEN 10 PRE
ISNOW   -1
SCAL   5.0000000000000003E-02  4.0000000000000000E+00  4.0000000000000000E+00  0.0000000000000000E+00
ALBOLD   6.5000000000000002E-01
OUTS   0.0000000000000000E+00  0.0000000000000000E+00  0.0000000000000000E+00  0.0000000000000000E+00
SNL  -2  0.0000000000000000E+00  0.0000000000000000E+00  0.0000000000000000E+00
SNL  -1  0.0000000000000000E+00  0.0000000000000000E+00  0.0000000000000000E+00
SNL   0  4.0000000000000000E+00  2.0000000000000001E-01  2.6800000000000000E+02
ZD  -2  0.0000000000000000E+00  0.0000000000000000E+00
ZD  -1  0.0000000000000000E+00  0.0000000000000000E+00
ZD   0 -5.0000000000000003E-02  5.0000000000000003E-02
ZD   1 -1.5000000000000002E-01  1.0000000000000001E-01
ZD   2 -4.5000000000000001E-01  3.0000000000000004E-01
ZD   3 -1.0500000000000000E+00  5.9999999999999998E-01
ZD   4 -2.0499999999999998E+00  1.0000000000000000E+00
SOIL   1  2.5000000000000000E-01  5.0000000000000003E-02
SOIL   2  2.5000000000000000E-01  5.0000000000000003E-02
SOIL   3  2.5000000000000000E-01  5.0000000000000003E-02
SOIL   4  2.5000000000000000E-01  5.0000000000000003E-02
SCEN 10 POST
ISNOW    0
SCAL   0.0000000000000000E+00  0.0000000000000000E+00  4.0000000000000000E+00  0.0000000000000000E+00
ALBOLD   6.4950124791926822E-01
OUTS   0.0000000000000000E+00  0.0000000000000000E+00  0.0000000000000000E+00  0.0000000000000000E+00
SNL  -2  0.0000000000000000E+00  0.0000000000000000E+00  0.0000000000000000E+00
SNL  -1  0.0000000000000000E+00  0.0000000000000000E+00  0.0000000000000000E+00
SNL   0  0.0000000000000000E+00  0.0000000000000000E+00  0.0000000000000000E+00
ZD  -2  0.0000000000000000E+00  0.0000000000000000E+00
ZD  -1  0.0000000000000000E+00  0.0000000000000000E+00
ZD   0  0.0000000000000000E+00  0.0000000000000000E+00
ZD   1 -1.0000000000000001E-01  1.0000000000000001E-01
ZD   2 -4.0000000000000002E-01  3.0000000000000004E-01
ZD   3 -1.0000000000000000E+00  5.9999999999999998E-01
ZD   4 -2.0000000000000000E+00  1.0000000000000000E+00
SOIL   1  2.5000000000000000E-01  3.7999999999999999E-02
SOIL   2  2.5000000000000000E-01  5.0000000000000003E-02
SOIL   3  2.5000000000000000E-01  5.0000000000000003E-02
SOIL   4  2.5000000000000000E-01  5.0000000000000003E-02
SCEN 10 FAGE   0.0000000000000000E+00
SCEN 11 PRE
ISNOW    0
SCAL   2.0000000000000000E-02  8.0000000000000000E+00  8.0000000000000000E+00  0.0000000000000000E+00
ALBOLD   6.5000000000000002E-01
OUTS   0.0000000000000000E+00  0.0000000000000000E+00  0.0000000000000000E+00  0.0000000000000000E+00
SNL  -2  0.0000000000000000E+00  0.0000000000000000E+00  0.0000000000000000E+00
SNL  -1  0.0000000000000000E+00  0.0000000000000000E+00  0.0000000000000000E+00
SNL   0  0.0000000000000000E+00  0.0000000000000000E+00  0.0000000000000000E+00
ZD  -2  0.0000000000000000E+00  0.0000000000000000E+00
ZD  -1  0.0000000000000000E+00  0.0000000000000000E+00
ZD   0  0.0000000000000000E+00  0.0000000000000000E+00
ZD   1 -1.0000000000000001E-01  1.0000000000000001E-01
ZD   2 -4.0000000000000002E-01  3.0000000000000004E-01
ZD   3 -1.0000000000000000E+00  5.9999999999999998E-01
ZD   4 -2.0000000000000000E+00  1.0000000000000000E+00
SOIL   1  2.5000000000000000E-01  5.0000000000000003E-02
SOIL   2  2.5000000000000000E-01  5.0000000000000003E-02
SOIL   3  2.5000000000000000E-01  5.0000000000000003E-02
SOIL   4  2.5000000000000000E-01  5.0000000000000003E-02
SCEN 11 POST
ISNOW    0
SCAL   2.8999999999999998E-02  1.1600000000000000E+01  8.0000000000000000E+00  0.0000000000000000E+00
ALBOLD   6.4950124791926822E-01
OUTS   0.0000000000000000E+00  0.0000000000000000E+00  0.0000000000000000E+00  0.0000000000000000E+00
SNL  -2  0.0000000000000000E+00  0.0000000000000000E+00  0.0000000000000000E+00
SNL  -1  0.0000000000000000E+00  0.0000000000000000E+00  0.0000000000000000E+00
SNL   0  0.0000000000000000E+00  0.0000000000000000E+00  0.0000000000000000E+00
ZD  -2  0.0000000000000000E+00  0.0000000000000000E+00
ZD  -1  0.0000000000000000E+00  0.0000000000000000E+00
ZD   0  0.0000000000000000E+00  0.0000000000000000E+00
ZD   1 -1.0000000000000001E-01  1.0000000000000001E-01
ZD   2 -4.0000000000000002E-01  3.0000000000000004E-01
ZD   3 -1.0000000000000000E+00  5.9999999999999998E-01
ZD   4 -2.0000000000000000E+00  1.0000000000000000E+00
SOIL   1  2.5000000000000000E-01  5.0000000000000003E-02
SOIL   2  2.5000000000000000E-01  5.0000000000000003E-02
SOIL   3  2.5000000000000000E-01  5.0000000000000003E-02
SOIL   4  2.5000000000000000E-01  5.0000000000000003E-02
SCEN 11 FAGE   0.0000000000000000E+00
SCEN 12 PRE
ISNOW   -1
SCAL   1.0000000000000001E-01  1.2000000000000000E+01  1.2000000000000000E+01  0.0000000000000000E+00
ALBOLD   5.9999999999999998E-01
OUTS   0.0000000000000000E+00  0.0000000000000000E+00  0.0000000000000000E+00  0.0000000000000000E+00
SNL  -2  0.0000000000000000E+00  0.0000000000000000E+00  0.0000000000000000E+00
SNL  -1  0.0000000000000000E+00  0.0000000000000000E+00  0.0000000000000000E+00
SNL   0  1.2000000000000000E+01  0.0000000000000000E+00  2.7100000000000000E+02
ZD  -2  0.0000000000000000E+00  0.0000000000000000E+00
ZD  -1  0.0000000000000000E+00  0.0000000000000000E+00
ZD   0 -1.0000000000000001E-01  1.0000000000000001E-01
ZD   1 -2.0000000000000001E-01  1.0000000000000001E-01
ZD   2 -5.0000000000000000E-01  3.0000000000000004E-01
ZD   3 -1.1000000000000001E+00  5.9999999999999998E-01
ZD   4 -2.1000000000000001E+00  1.0000000000000000E+00
SOIL   1  2.5000000000000000E-01  5.0000000000000003E-02
SOIL   2  2.5000000000000000E-01  5.0000000000000003E-02
SOIL   3  2.5000000000000000E-01  5.0000000000000003E-02
SOIL   4  2.5000000000000000E-01  5.0000000000000003E-02
SCEN 12 POST
ISNOW   -3
SCAL   2.9774940951781181E-01  3.0000000000000004E+01  1.2000000000000000E+01  0.0000000000000000E+00
ALBOLD   8.3999999999999997E-01
OUTS   0.0000000000000000E+00  0.0000000000000000E+00  0.0000000000000000E+00  0.0000000000000000E+00
SNL  -2  5.0377933660025205E+00  0.0000000000000000E+00  2.7100000000000000E+02
SNL  -1  1.2481103316998741E+01  0.0000000000000000E+00  2.7100000000000000E+02
SNL   0  1.2481103316998741E+01  0.0000000000000000E+00  2.7100000000000000E+02
ZD  -2 -5.0000000000000003E-02  5.0000000000000003E-02
ZD  -1 -1.7387470475890593E-01  1.2387470475890591E-01
ZD   0 -2.9774940951781181E-01  1.2387470475890591E-01
ZD   1 -3.9774940951781179E-01  1.0000000000000001E-01
ZD   2 -6.9774940951781184E-01  3.0000000000000004E-01
ZD   3 -1.2977494095178117E+00  5.9999999999999998E-01
ZD   4 -2.2977494095178117E+00  1.0000000000000000E+00
SOIL   1  2.5000000000000000E-01  5.0000000000000003E-02
SOIL   2  2.5000000000000000E-01  5.0000000000000003E-02
SOIL   3  2.5000000000000000E-01  5.0000000000000003E-02
SOIL   4  2.5000000000000000E-01  5.0000000000000003E-02
SCEN 12 FAGE   0.0000000000000000E+00
SCEN 13 PRE
ISNOW   -1
SCAL   1.4999999999999999E-01  2.0000000000000000E+01  2.0000000000000000E+01  0.0000000000000000E+00
ALBOLD   6.9999999999999996E-01
OUTS   0.0000000000000000E+00  0.0000000000000000E+00  0.0000000000000000E+00  0.0000000000000000E+00
SNL  -2  0.0000000000000000E+00  0.0000000000000000E+00  0.0000000000000000E+00
SNL  -1  0.0000000000000000E+00  0.0000000000000000E+00  0.0000000000000000E+00
SNL   0  2.0000000000000000E+01  0.0000000000000000E+00  2.6000000000000000E+02
ZD  -2  0.0000000000000000E+00  0.0000000000000000E+00
ZD  -1  0.0000000000000000E+00  0.0000000000000000E+00
ZD   0 -1.4999999999999999E-01  1.4999999999999999E-01
ZD   1 -2.5000000000000000E-01  1.0000000000000001E-01
ZD   2 -5.5000000000000004E-01  3.0000000000000004E-01
ZD   3 -1.1499999999999999E+00  5.9999999999999998E-01
ZD   4 -2.1499999999999999E+00  1.0000000000000000E+00
SOIL   1  2.5000000000000000E-01  5.0000000000000003E-02
SOIL   2  2.5000000000000000E-01  5.0000000000000003E-02
SOIL   3  2.5000000000000000E-01  5.0000000000000003E-02
SOIL   4  2.5000000000000000E-01  5.0000000000000003E-02
SCEN 13 POST
ISNOW   -2
SCAL   1.4987086694991505E-01  2.0000000000000000E+01  2.0000000000000000E+01  1.1540338325627050E-03
ALBOLD   6.9999999999999996E-01
OUTS   0.0000000000000000E+00  0.0000000000000000E+00  0.0000000000000000E+00  0.0000000000000000E+00
SNL  -2  0.0000000000000000E+00  0.0000000000000000E+00  0.0000000000000000E+00
SNL  -1  6.6724108584371331E+00  0.0000000000000000E+00  2.6000000000000000E+02
SNL   0  1.3327589141562868E+01  0.0000000000000000E+00  2.6000000000000000E+02
ZD  -2  0.0000000000000000E+00  0.0000000000000000E+00
ZD  -1 -5.0000000000000003E-02  5.0000000000000003E-02
ZD   0 -1.4987086694991505E-01  9.9870866949915052E-02
ZD   1 -2.4987086694991506E-01  1.0000000000000001E-01
ZD   2 -5.4987086694991505E-01  3.0000000000000004E-01
ZD   3 -1.1498708669499149E+00  5.9999999999999998E-01
ZD   4 -2.1498708669499149E+00  1.0000000000000000E+00
SOIL   1  2.5000000000000000E-01  5.0000000000000003E-02
SOIL   2  2.5000000000000000E-01  5.0000000000000003E-02
SOIL   3  2.5000000000000000E-01  5.0000000000000003E-02
SOIL   4  2.5000000000000000E-01  5.0000000000000003E-02
SCEN 13 FAGE   1.1527035736398088E-03
SCEN 14 PRE
ISNOW   -2
SCAL   2.9999999999999999E-02  5.9999999999999998E-01  5.9999999999999998E-01  0.0000000000000000E+00
ALBOLD   6.5000000000000002E-01
OUTS   0.0000000000000000E+00  0.0000000000000000E+00  0.0000000000000000E+00  0.0000000000000000E+00
SNL  -2  0.0000000000000000E+00  0.0000000000000000E+00  0.0000000000000000E+00
SNL  -1  8.0000000000000002E-02  0.0000000000000000E+00  2.6900000000000000E+02
SNL   0  5.0000000000000000E-01  5.0000000000000003E-02  2.7100000000000000E+02
ZD  -2  0.0000000000000000E+00  0.0000000000000000E+00
ZD  -1 -1.4999999999999999E-02  1.4999999999999999E-02
ZD   0 -2.9999999999999999E-02  1.4999999999999999E-02
ZD   1 -1.3000000000000000E-01  1.0000000000000001E-01
ZD   2 -4.3000000000000005E-01  3.0000000000000004E-01
ZD   3 -1.0300000000000000E+00  5.9999999999999998E-01
ZD   4 -2.0299999999999998E+00  1.0000000000000000E+00
SOIL   1  2.5000000000000000E-01  5.0000000000000003E-02
SOIL   2  2.5000000000000000E-01  5.0000000000000003E-02
SOIL   3  2.5000000000000000E-01  5.0000000000000003E-02
SOIL   4  2.5000000000000000E-01  5.0000000000000003E-02
SCEN 14 POST
ISNOW   -1
SCAL   2.6000000000000002E-02  6.3000000000000000E-01  5.9999999999999998E-01  2.1380664656598133E-03
ALBOLD   6.4950124791926822E-01
OUTS   0.0000000000000000E+00  0.0000000000000000E+00  0.0000000000000000E+00  0.0000000000000000E+00
SNL  -2  0.0000000000000000E+00  0.0000000000000000E+00  0.0000000000000000E+00
SNL  -1  0.0000000000000000E+00  0.0000000000000000E+00  0.0000000000000000E+00
SNL   0  5.7999999999999996E-01  5.0000000000000003E-02  2.7100000000000000E+02
ZD  -2  0.0000000000000000E+00  0.0000000000000000E+00
ZD  -1  0.0000000000000000E+00  0.0000000000000000E+00
ZD   0 -2.6000000000000002E-02  2.6000000000000002E-02
ZD   1 -1.2600000000000000E-01  1.0000000000000001E-01
ZD   2 -4.2600000000000005E-01  3.0000000000000004E-01
ZD   3 -1.0260000000000000E+00  5.9999999999999998E-01
ZD   4 -2.0259999999999998E+00  1.0000000000000000E+00
SOIL   1  2.5000000000000000E-01  5.0000000000000003E-02
SOIL   2  2.5000000000000000E-01  5.0000000000000003E-02
SOIL   3  2.5000000000000000E-01  5.0000000000000003E-02
SOIL   4  2.5000000000000000E-01  5.0000000000000003E-02
SCEN 14 FAGE   2.1335048903993294E-03
