# GWDO oracle: kte, ncol
32 3
# COL 1
# inputs: k uproj vproj t1 q1 prsl prsi(k) prslk zl
1   1.500000000000E+01   0.000000000000E+00   2.870249938965E+02   4.000000189990E-03   9.851562500000E+04   1.000000000000E+05   9.957362413406E-01   1.500000000000E+02
2   1.500000000000E+01   0.000000000000E+00   2.850750122070E+02   4.000000189990E-03   9.554687500000E+04   9.703125000000E+04   9.870691299438E-01   4.500000000000E+02
3   1.500000000000E+01   0.000000000000E+00   2.831250000000E+02   4.000000189990E-03   9.257812500000E+04   9.406250000000E+04   9.782074689865E-01   7.500000000000E+02
4   1.500000000000E+01   0.000000000000E+00   2.811749877930E+02   4.000000189990E-03   8.960937500000E+04   9.109375000000E+04   9.691404104233E-01   1.050000000000E+03
5   1.500000000000E+01   0.000000000000E+00   2.792250061035E+02   4.000000189990E-03   8.664062500000E+04   8.812500000000E+04   9.598561525345E-01   1.350000000000E+03
6   1.500000000000E+01   0.000000000000E+00   2.772749938965E+02   4.000000189990E-03   8.367187500000E+04   8.515625000000E+04   9.503418207169E-01   1.650000000000E+03
7   1.500000000000E+01   0.000000000000E+00   2.753250122070E+02   4.000000189990E-03   8.070312500000E+04   8.218750000000E+04   9.405832886696E-01   1.950000000000E+03
8   1.500000000000E+01   0.000000000000E+00   2.733750000000E+02   4.000000189990E-03   7.773437500000E+04   7.921875000000E+04   9.305647611618E-01   2.250000000000E+03
9   1.500000000000E+01   0.000000000000E+00   2.714249877930E+02   4.000000189990E-03   7.476562500000E+04   7.625000000000E+04   9.202691316605E-01   2.550000000000E+03
10   1.500000000000E+01   0.000000000000E+00   2.694750061035E+02   4.000000189990E-03   7.179687500000E+04   7.328125000000E+04   9.096771478653E-01   2.850000000000E+03
11   1.500000000000E+01   0.000000000000E+00   2.675249938965E+02   4.000000189990E-03   6.882812500000E+04   7.031250000000E+04   8.987675905228E-01   3.150000000000E+03
12   1.500000000000E+01   0.000000000000E+00   2.655750122070E+02   4.000000189990E-03   6.585937500000E+04   6.734375000000E+04   8.875165581703E-01   3.450000000000E+03
13   1.500000000000E+01   0.000000000000E+00   2.636250000000E+02   4.000000189990E-03   6.289062500000E+04   6.437500000000E+04   8.758971691132E-01   3.750000000000E+03
14   1.500000000000E+01   0.000000000000E+00   2.616749877930E+02   4.000000189990E-03   5.992187500000E+04   6.140625000000E+04   8.638790845871E-01   4.050000000000E+03
15   1.500000000000E+01   0.000000000000E+00   2.597250061035E+02   4.000000189990E-03   5.695312500000E+04   5.843750000000E+04   8.514279127121E-01   4.350000000000E+03
16   1.500000000000E+01   0.000000000000E+00   2.577749938965E+02   4.000000189990E-03   5.398437500000E+04   5.546875000000E+04   8.385040163994E-01   4.650000000000E+03
17   1.500000000000E+01   0.000000000000E+00   2.558249969482E+02   4.000000189990E-03   5.101562500000E+04   5.250000000000E+04   8.250620961189E-01   4.950000000000E+03
18   1.500000000000E+01   0.000000000000E+00   2.538750000000E+02   4.000000189990E-03   4.804687500000E+04   4.953125000000E+04   8.110491633415E-01   5.250000000000E+03
19   1.500000000000E+01   0.000000000000E+00   2.519250030518E+02   4.000000189990E-03   4.507812500000E+04   4.656250000000E+04   7.964034080505E-01   5.550000000000E+03
20   1.500000000000E+01   0.000000000000E+00   2.499750061035E+02   4.000000189990E-03   4.210937500000E+04   4.359375000000E+04   7.810514569283E-01   5.850000000000E+03
21   1.500000000000E+01   0.000000000000E+00   2.480249938965E+02   4.000000189990E-03   3.914062500000E+04   4.062500000000E+04   7.649057507515E-01   6.150000000000E+03
22   1.500000000000E+01   0.000000000000E+00   2.460749969482E+02   4.000000189990E-03   3.617187500000E+04   3.765625000000E+04   7.478599548340E-01   6.450000000000E+03
23   1.500000000000E+01   0.000000000000E+00   2.441250000000E+02   4.000000189990E-03   3.320312500000E+04   3.468750000000E+04   7.297834157944E-01   6.750000000000E+03
24   1.500000000000E+01   0.000000000000E+00   2.421750030518E+02   4.000000189990E-03   3.023437500000E+04   3.171875000000E+04   7.105124592781E-01   7.050000000000E+03
25   1.500000000000E+01   0.000000000000E+00   2.402250061035E+02   4.000000189990E-03   2.726562500000E+04   2.875000000000E+04   6.898382306099E-01   7.350000000000E+03
26   1.500000000000E+01   0.000000000000E+00   2.382749938965E+02   4.000000189990E-03   2.429687500000E+04   2.578125000000E+04   6.674872636795E-01   7.650000000000E+03
27   1.500000000000E+01   0.000000000000E+00   2.363249969482E+02   4.000000189990E-03   2.132812500000E+04   2.281250000000E+04   6.430906057358E-01   7.950000000000E+03
28   1.500000000000E+01   0.000000000000E+00   2.343750000000E+02   4.000000189990E-03   1.835937500000E+04   1.984375000000E+04   6.161318421364E-01   8.250000000000E+03
29   1.500000000000E+01   0.000000000000E+00   2.324250030518E+02   4.000000189990E-03   1.539062500000E+04   1.687500000000E+04   5.858514308929E-01   8.550000000000E+03
30   1.500000000000E+01   0.000000000000E+00   2.304750061035E+02   4.000000189990E-03   1.242187500000E+04   1.390625000000E+04   5.510567426682E-01   8.850000000000E+03
31   1.500000000000E+01   0.000000000000E+00   2.285249938965E+02   4.000000189990E-03   9.453125000000E+03   1.093750000000E+04   5.096913576126E-01   9.150000000000E+03
32   1.500000000000E+01   0.000000000000E+00   2.265749969482E+02   4.000000189990E-03   6.484375000000E+03   7.968750000000E+03   4.576502740383E-01   9.450000000000E+03
# prsi_top   5.000000000000E+03
# statics: var oc1 oa1 oa2 oa3 oa4 ol1 ol2 ol3 ol4 sina cosa dx
  0.000000000000E+00   1.000000000000E+00   4.000000059605E-01   0.000000000000E+00   0.000000000000E+00   0.000000000000E+00   3.000000119209E-01   3.000000119209E-01   3.000000119209E-01   3.000000119209E-01   0.000000000000E+00   1.000000000000E+00   3.000000000000E+03
# outputs: k rublten rvblten dtaux3d dtauy3d
1   0.000000000000E+00   0.000000000000E+00   0.000000000000E+00   0.000000000000E+00
2   0.000000000000E+00   0.000000000000E+00   0.000000000000E+00   0.000000000000E+00
3   0.000000000000E+00   0.000000000000E+00   0.000000000000E+00   0.000000000000E+00
4   0.000000000000E+00   0.000000000000E+00   0.000000000000E+00   0.000000000000E+00
5   0.000000000000E+00   0.000000000000E+00   0.000000000000E+00   0.000000000000E+00
6   0.000000000000E+00   0.000000000000E+00   0.000000000000E+00   0.000000000000E+00
7   0.000000000000E+00   0.000000000000E+00   0.000000000000E+00   0.000000000000E+00
8   0.000000000000E+00   0.000000000000E+00   0.000000000000E+00   0.000000000000E+00
9   0.000000000000E+00   0.000000000000E+00   0.000000000000E+00   0.000000000000E+00
10   0.000000000000E+00   0.000000000000E+00   0.000000000000E+00   0.000000000000E+00
11   0.000000000000E+00   0.000000000000E+00   0.000000000000E+00   0.000000000000E+00
12   0.000000000000E+00   0.000000000000E+00   0.000000000000E+00   0.000000000000E+00
13   0.000000000000E+00   0.000000000000E+00   0.000000000000E+00   0.000000000000E+00
14   0.000000000000E+00   0.000000000000E+00   0.000000000000E+00   0.000000000000E+00
15   0.000000000000E+00   0.000000000000E+00   0.000000000000E+00   0.000000000000E+00
16   0.000000000000E+00   0.000000000000E+00   0.000000000000E+00   0.000000000000E+00
17   0.000000000000E+00   0.000000000000E+00   0.000000000000E+00   0.000000000000E+00
18   0.000000000000E+00   0.000000000000E+00   0.000000000000E+00   0.000000000000E+00
19   0.000000000000E+00   0.000000000000E+00   0.000000000000E+00   0.000000000000E+00
20   0.000000000000E+00   0.000000000000E+00   0.000000000000E+00   0.000000000000E+00
21   0.000000000000E+00   0.000000000000E+00   0.000000000000E+00   0.000000000000E+00
22   0.000000000000E+00   0.000000000000E+00   0.000000000000E+00   0.000000000000E+00
23   0.000000000000E+00   0.000000000000E+00   0.000000000000E+00   0.000000000000E+00
24   0.000000000000E+00   0.000000000000E+00   0.000000000000E+00   0.000000000000E+00
25   0.000000000000E+00   0.000000000000E+00   0.000000000000E+00   0.000000000000E+00
26   0.000000000000E+00   0.000000000000E+00   0.000000000000E+00   0.000000000000E+00
27   0.000000000000E+00   0.000000000000E+00   0.000000000000E+00   0.000000000000E+00
28   0.000000000000E+00   0.000000000000E+00   0.000000000000E+00   0.000000000000E+00
29   0.000000000000E+00   0.000000000000E+00   0.000000000000E+00   0.000000000000E+00
30   0.000000000000E+00   0.000000000000E+00   0.000000000000E+00   0.000000000000E+00
31   0.000000000000E+00   0.000000000000E+00   0.000000000000E+00   0.000000000000E+00
32   0.000000000000E+00   0.000000000000E+00   0.000000000000E+00   0.000000000000E+00
# dusfcg dvsfcg  -0.000000000000E+00   0.000000000000E+00
# COL 2
# inputs: k uproj vproj t1 q1 prsl prsi(k) prslk zl
1   2.000000000000E+01   0.000000000000E+00   2.870249938965E+02   4.000000189990E-03   9.851562500000E+04   1.000000000000E+05   9.957362413406E-01   1.500000000000E+02
2   2.000000000000E+01   0.000000000000E+00   2.850750122070E+02   4.000000189990E-03   9.554687500000E+04   9.703125000000E+04   9.870691299438E-01   4.500000000000E+02
3   2.000000000000E+01   0.000000000000E+00   2.831250000000E+02   4.000000189990E-03   9.257812500000E+04   9.406250000000E+04   9.782074689865E-01   7.500000000000E+02
4   2.000000000000E+01   0.000000000000E+00   2.811749877930E+02   4.000000189990E-03   8.960937500000E+04   9.109375000000E+04   9.691404104233E-01   1.050000000000E+03
5   2.000000000000E+01   0.000000000000E+00   2.792250061035E+02   4.000000189990E-03   8.664062500000E+04   8.812500000000E+04   9.598561525345E-01   1.350000000000E+03
6   2.000000000000E+01   0.000000000000E+00   2.772749938965E+02   4.000000189990E-03   8.367187500000E+04   8.515625000000E+04   9.503418207169E-01   1.650000000000E+03
7   2.000000000000E+01   0.000000000000E+00   2.753250122070E+02   4.000000189990E-03   8.070312500000E+04   8.218750000000E+04   9.405832886696E-01   1.950000000000E+03
8   2.000000000000E+01   0.000000000000E+00   2.733750000000E+02   4.000000189990E-03   7.773437500000E+04   7.921875000000E+04   9.305647611618E-01   2.250000000000E+03
9   2.000000000000E+01   0.000000000000E+00   2.714249877930E+02   4.000000189990E-03   7.476562500000E+04   7.625000000000E+04   9.202691316605E-01   2.550000000000E+03
10   2.000000000000E+01   0.000000000000E+00   2.694750061035E+02   4.000000189990E-03   7.179687500000E+04   7.328125000000E+04   9.096771478653E-01   2.850000000000E+03
11   2.000000000000E+01   0.000000000000E+00   2.675249938965E+02   4.000000189990E-03   6.882812500000E+04   7.031250000000E+04   8.987675905228E-01   3.150000000000E+03
12   2.000000000000E+01   0.000000000000E+00   2.655750122070E+02   4.000000189990E-03   6.585937500000E+04   6.734375000000E+04   8.875165581703E-01   3.450000000000E+03
13   2.000000000000E+01   0.000000000000E+00   2.636250000000E+02   4.000000189990E-03   6.289062500000E+04   6.437500000000E+04   8.758971691132E-01   3.750000000000E+03
14   2.000000000000E+01   0.000000000000E+00   2.616749877930E+02   4.000000189990E-03   5.992187500000E+04   6.140625000000E+04   8.638790845871E-01   4.050000000000E+03
15   2.000000000000E+01   0.000000000000E+00   2.597250061035E+02   4.000000189990E-03   5.695312500000E+04   5.843750000000E+04   8.514279127121E-01   4.350000000000E+03
16   2.000000000000E+01   0.000000000000E+00   2.577749938965E+02   4.000000189990E-03   5.398437500000E+04   5.546875000000E+04   8.385040163994E-01   4.650000000000E+03
17   2.000000000000E+01   0.000000000000E+00   2.558249969482E+02   4.000000189990E-03   5.101562500000E+04   5.250000000000E+04   8.250620961189E-01   4.950000000000E+03
18   2.000000000000E+01   0.000000000000E+00   2.538750000000E+02   4.000000189990E-03   4.804687500000E+04   4.953125000000E+04   8.110491633415E-01   5.250000000000E+03
19   2.000000000000E+01   0.000000000000E+00   2.519250030518E+02   4.000000189990E-03   4.507812500000E+04   4.656250000000E+04   7.964034080505E-01   5.550000000000E+03
20   2.000000000000E+01   0.000000000000E+00   2.499750061035E+02   4.000000189990E-03   4.210937500000E+04   4.359375000000E+04   7.810514569283E-01   5.850000000000E+03
21   2.000000000000E+01   0.000000000000E+00   2.480249938965E+02   4.000000189990E-03   3.914062500000E+04   4.062500000000E+04   7.649057507515E-01   6.150000000000E+03
22   2.000000000000E+01   0.000000000000E+00   2.460749969482E+02   4.000000189990E-03   3.617187500000E+04   3.765625000000E+04   7.478599548340E-01   6.450000000000E+03
23   2.000000000000E+01   0.000000000000E+00   2.441250000000E+02   4.000000189990E-03   3.320312500000E+04   3.468750000000E+04   7.297834157944E-01   6.750000000000E+03
24   2.000000000000E+01   0.000000000000E+00   2.421750030518E+02   4.000000189990E-03   3.023437500000E+04   3.171875000000E+04   7.105124592781E-01   7.050000000000E+03
25   2.000000000000E+01   0.000000000000E+00   2.402250061035E+02   4.000000189990E-03   2.726562500000E+04   2.875000000000E+04   6.898382306099E-01   7.350000000000E+03
26   2.000000000000E+01   0.000000000000E+00   2.382749938965E+02   4.000000189990E-03   2.429687500000E+04   2.578125000000E+04   6.674872636795E-01   7.650000000000E+03
27   2.000000000000E+01   0.000000000000E+00   2.363249969482E+02   4.000000189990E-03   2.132812500000E+04   2.281250000000E+04   6.430906057358E-01   7.950000000000E+03
28   2.000000000000E+01   0.000000000000E+00   2.343750000000E+02   4.000000189990E-03   1.835937500000E+04   1.984375000000E+04   6.161318421364E-01   8.250000000000E+03
29   2.000000000000E+01   0.000000000000E+00   2.324250030518E+02   4.000000189990E-03   1.539062500000E+04   1.687500000000E+04   5.858514308929E-01   8.550000000000E+03
30   2.000000000000E+01   0.000000000000E+00   2.304750061035E+02   4.000000189990E-03   1.242187500000E+04   1.390625000000E+04   5.510567426682E-01   8.850000000000E+03
31   2.000000000000E+01   0.000000000000E+00   2.285249938965E+02   4.000000189990E-03   9.453125000000E+03   1.093750000000E+04   5.096913576126E-01   9.150000000000E+03
32   2.000000000000E+01   0.000000000000E+00   2.265749969482E+02   4.000000189990E-03   6.484375000000E+03   7.968750000000E+03   4.576502740383E-01   9.450000000000E+03
# prsi_top   5.000000000000E+03
# statics: var oc1 oa1 oa2 oa3 oa4 ol1 ol2 ol3 ol4 sina cosa dx
  3.000000000000E+02   1.000000000000E+00   4.000000059605E-01   0.000000000000E+00   0.000000000000E+00   0.000000000000E+00   3.000000119209E-01   3.000000119209E-01   3.000000119209E-01   3.000000119209E-01   0.000000000000E+00   1.000000000000E+00   3.000000000000E+03
# outputs: k rublten rvblten dtaux3d dtauy3d
1   0.000000000000E+00   0.000000000000E+00   0.000000000000E+00   0.000000000000E+00
2   0.000000000000E+00   0.000000000000E+00   0.000000000000E+00   0.000000000000E+00
3   0.000000000000E+00   0.000000000000E+00   0.000000000000E+00   0.000000000000E+00
4   0.000000000000E+00   0.000000000000E+00   0.000000000000E+00   0.000000000000E+00
5   0.000000000000E+00   0.000000000000E+00   0.000000000000E+00   0.000000000000E+00
6   0.000000000000E+00   0.000000000000E+00   0.000000000000E+00   0.000000000000E+00
7   0.000000000000E+00   0.000000000000E+00   0.000000000000E+00   0.000000000000E+00
8   0.000000000000E+00   0.000000000000E+00   0.000000000000E+00   0.000000000000E+00
9   0.000000000000E+00   0.000000000000E+00   0.000000000000E+00   0.000000000000E+00
10   0.000000000000E+00   0.000000000000E+00   0.000000000000E+00   0.000000000000E+00
11   0.000000000000E+00   0.000000000000E+00   0.000000000000E+00   0.000000000000E+00
12   0.000000000000E+00   0.000000000000E+00   0.000000000000E+00   0.000000000000E+00
13   0.000000000000E+00   0.000000000000E+00   0.000000000000E+00   0.000000000000E+00
14   0.000000000000E+00   0.000000000000E+00   0.000000000000E+00   0.000000000000E+00
15   0.000000000000E+00   0.000000000000E+00   0.000000000000E+00   0.000000000000E+00
16   0.000000000000E+00   0.000000000000E+00   0.000000000000E+00   0.000000000000E+00
17   0.000000000000E+00   0.000000000000E+00   0.000000000000E+00   0.000000000000E+00
18   0.000000000000E+00   0.000000000000E+00   0.000000000000E+00   0.000000000000E+00
19   0.000000000000E+00   0.000000000000E+00   0.000000000000E+00   0.000000000000E+00
20   0.000000000000E+00   0.000000000000E+00   0.000000000000E+00   0.000000000000E+00
21   0.000000000000E+00   0.000000000000E+00   0.000000000000E+00   0.000000000000E+00
22   0.000000000000E+00   0.000000000000E+00   0.000000000000E+00   0.000000000000E+00
23   0.000000000000E+00   0.000000000000E+00   0.000000000000E+00   0.000000000000E+00
24   0.000000000000E+00   0.000000000000E+00   0.000000000000E+00   0.000000000000E+00
25   0.000000000000E+00   0.000000000000E+00   0.000000000000E+00   0.000000000000E+00
26   0.000000000000E+00   0.000000000000E+00   0.000000000000E+00   0.000000000000E+00
27   0.000000000000E+00   0.000000000000E+00   0.000000000000E+00   0.000000000000E+00
28  -1.236363034695E-02   0.000000000000E+00  -1.236363034695E-02   0.000000000000E+00
29  -1.210691779852E-02   0.000000000000E+00  -1.210691779852E-02   0.000000000000E+00
30  -1.074225921184E-02   0.000000000000E+00  -1.074225921184E-02   0.000000000000E+00
31  -9.262800216675E-03   0.000000000000E+00  -9.262800216675E-03   0.000000000000E+00
32  -1.486534625292E-02   0.000000000000E+00  -1.486534625292E-02   0.000000000000E+00
# dusfcg dvsfcg   1.795804786682E+01  -0.000000000000E+00
# COL 3
# inputs: k uproj vproj t1 q1 prsl prsi(k) prslk zl
1   1.200000000000E+01   1.200000000000E+01   2.870249938965E+02   4.000000189990E-03   9.851562500000E+04   1.000000000000E+05   9.957362413406E-01   1.500000000000E+02
2   1.200000000000E+01   1.200000000000E+01   2.850750122070E+02   4.000000189990E-03   9.554687500000E+04   9.703125000000E+04   9.870691299438E-01   4.500000000000E+02
3   1.200000000000E+01   1.200000000000E+01   2.831250000000E+02   4.000000189990E-03   9.257812500000E+04   9.406250000000E+04   9.782074689865E-01   7.500000000000E+02
4   1.200000000000E+01   1.200000000000E+01   2.811749877930E+02   4.000000189990E-03   8.960937500000E+04   9.109375000000E+04   9.691404104233E-01   1.050000000000E+03
5   1.200000000000E+01   1.200000000000E+01   2.792250061035E+02   4.000000189990E-03   8.664062500000E+04   8.812500000000E+04   9.598561525345E-01   1.350000000000E+03
6   1.200000000000E+01   1.200000000000E+01   2.772749938965E+02   4.000000189990E-03   8.367187500000E+04   8.515625000000E+04   9.503418207169E-01   1.650000000000E+03
7   1.200000000000E+01   1.200000000000E+01   2.753250122070E+02   4.000000189990E-03   8.070312500000E+04   8.218750000000E+04   9.405832886696E-01   1.950000000000E+03
8   1.200000000000E+01   1.200000000000E+01   2.733750000000E+02   4.000000189990E-03   7.773437500000E+04   7.921875000000E+04   9.305647611618E-01   2.250000000000E+03
9   1.200000000000E+01   1.200000000000E+01   2.714249877930E+02   4.000000189990E-03   7.476562500000E+04   7.625000000000E+04   9.202691316605E-01   2.550000000000E+03
10   1.200000000000E+01   1.200000000000E+01   2.694750061035E+02   4.000000189990E-03   7.179687500000E+04   7.328125000000E+04   9.096771478653E-01   2.850000000000E+03
11   1.200000000000E+01   1.200000000000E+01   2.675249938965E+02   4.000000189990E-03   6.882812500000E+04   7.031250000000E+04   8.987675905228E-01   3.150000000000E+03
12   1.200000000000E+01   1.200000000000E+01   2.655750122070E+02   4.000000189990E-03   6.585937500000E+04   6.734375000000E+04   8.875165581703E-01   3.450000000000E+03
13   1.200000000000E+01   1.200000000000E+01   2.636250000000E+02   4.000000189990E-03   6.289062500000E+04   6.437500000000E+04   8.758971691132E-01   3.750000000000E+03
14   1.200000000000E+01   1.200000000000E+01   2.616749877930E+02   4.000000189990E-03   5.992187500000E+04   6.140625000000E+04   8.638790845871E-01   4.050000000000E+03
15   1.200000000000E+01   1.200000000000E+01   2.597250061035E+02   4.000000189990E-03   5.695312500000E+04   5.843750000000E+04   8.514279127121E-01   4.350000000000E+03
16   1.200000000000E+01   1.200000000000E+01   2.577749938965E+02   4.000000189990E-03   5.398437500000E+04   5.546875000000E+04   8.385040163994E-01   4.650000000000E+03
17   1.200000000000E+01   1.200000000000E+01   2.558249969482E+02   4.000000189990E-03   5.101562500000E+04   5.250000000000E+04   8.250620961189E-01   4.950000000000E+03
18   1.200000000000E+01   1.200000000000E+01   2.538750000000E+02   4.000000189990E-03   4.804687500000E+04   4.953125000000E+04   8.110491633415E-01   5.250000000000E+03
19   1.200000000000E+01   1.200000000000E+01   2.519250030518E+02   4.000000189990E-03   4.507812500000E+04   4.656250000000E+04   7.964034080505E-01   5.550000000000E+03
20   1.200000000000E+01   1.200000000000E+01   2.499750061035E+02   4.000000189990E-03   4.210937500000E+04   4.359375000000E+04   7.810514569283E-01   5.850000000000E+03
21   1.200000000000E+01   1.200000000000E+01   2.480249938965E+02   4.000000189990E-03   3.914062500000E+04   4.062500000000E+04   7.649057507515E-01   6.150000000000E+03
22   1.200000000000E+01   1.200000000000E+01   2.460749969482E+02   4.000000189990E-03   3.617187500000E+04   3.765625000000E+04   7.478599548340E-01   6.450000000000E+03
23   1.200000000000E+01   1.200000000000E+01   2.441250000000E+02   4.000000189990E-03   3.320312500000E+04   3.468750000000E+04   7.297834157944E-01   6.750000000000E+03
24   1.200000000000E+01   1.200000000000E+01   2.421750030518E+02   4.000000189990E-03   3.023437500000E+04   3.171875000000E+04   7.105124592781E-01   7.050000000000E+03
25   1.200000000000E+01   1.200000000000E+01   2.402250061035E+02   4.000000189990E-03   2.726562500000E+04   2.875000000000E+04   6.898382306099E-01   7.350000000000E+03
26   1.200000000000E+01   1.200000000000E+01   2.382749938965E+02   4.000000189990E-03   2.429687500000E+04   2.578125000000E+04   6.674872636795E-01   7.650000000000E+03
27   1.200000000000E+01   1.200000000000E+01   2.363249969482E+02   4.000000189990E-03   2.132812500000E+04   2.281250000000E+04   6.430906057358E-01   7.950000000000E+03
28   1.200000000000E+01   1.200000000000E+01   2.343750000000E+02   4.000000189990E-03   1.835937500000E+04   1.984375000000E+04   6.161318421364E-01   8.250000000000E+03
29   1.200000000000E+01   1.200000000000E+01   2.324250030518E+02   4.000000189990E-03   1.539062500000E+04   1.687500000000E+04   5.858514308929E-01   8.550000000000E+03
30   1.200000000000E+01   1.200000000000E+01   2.304750061035E+02   4.000000189990E-03   1.242187500000E+04   1.390625000000E+04   5.510567426682E-01   8.850000000000E+03
31   1.200000000000E+01   1.200000000000E+01   2.285249938965E+02   4.000000189990E-03   9.453125000000E+03   1.093750000000E+04   5.096913576126E-01   9.150000000000E+03
32   1.200000000000E+01   1.200000000000E+01   2.265749969482E+02   4.000000189990E-03   6.484375000000E+03   7.968750000000E+03   4.576502740383E-01   9.450000000000E+03
# prsi_top   5.000000000000E+03
# statics: var oc1 oa1 oa2 oa3 oa4 ol1 ol2 ol3 ol4 sina cosa dx
  4.000000000000E+02   1.200000047684E+00   3.000000119209E-01   2.000000029802E-01   1.000000014901E-01   0.000000000000E+00   2.500000000000E-01   3.499999940395E-01   3.000000119209E-01   2.000000029802E-01   0.000000000000E+00   1.000000000000E+00   3.000000000000E+03
# outputs: k rublten rvblten dtaux3d dtauy3d
1   0.000000000000E+00   0.000000000000E+00   0.000000000000E+00   0.000000000000E+00
2   0.000000000000E+00   0.000000000000E+00   0.000000000000E+00   0.000000000000E+00
3   0.000000000000E+00   0.000000000000E+00   0.000000000000E+00   0.000000000000E+00
4   0.000000000000E+00   0.000000000000E+00   0.000000000000E+00   0.000000000000E+00
5   0.000000000000E+00   0.000000000000E+00   0.000000000000E+00   0.000000000000E+00
6   0.000000000000E+00   0.000000000000E+00   0.000000000000E+00   0.000000000000E+00
7   0.000000000000E+00   0.000000000000E+00   0.000000000000E+00   0.000000000000E+00
8   0.000000000000E+00   0.000000000000E+00   0.000000000000E+00   0.000000000000E+00
9   0.000000000000E+00   0.000000000000E+00   0.000000000000E+00   0.000000000000E+00
10   0.000000000000E+00   0.000000000000E+00   0.000000000000E+00   0.000000000000E+00
11   0.000000000000E+00   0.000000000000E+00   0.000000000000E+00   0.000000000000E+00
12   0.000000000000E+00   0.000000000000E+00   0.000000000000E+00   0.000000000000E+00
13   0.000000000000E+00   0.000000000000E+00   0.000000000000E+00   0.000000000000E+00
14   0.000000000000E+00   0.000000000000E+00   0.000000000000E+00   0.000000000000E+00
15   0.000000000000E+00   0.000000000000E+00   0.000000000000E+00   0.000000000000E+00
16   0.000000000000E+00   0.000000000000E+00   0.000000000000E+00   0.000000000000E+00
17   0.000000000000E+00   0.000000000000E+00   0.000000000000E+00   0.000000000000E+00
18   0.000000000000E+00   0.000000000000E+00   0.000000000000E+00   0.000000000000E+00
19   0.000000000000E+00   0.000000000000E+00   0.000000000000E+00   0.000000000000E+00
20   0.000000000000E+00   0.000000000000E+00   0.000000000000E+00   0.000000000000E+00
21   0.000000000000E+00   0.000000000000E+00   0.000000000000E+00   0.000000000000E+00
22   0.000000000000E+00   0.000000000000E+00   0.000000000000E+00   0.000000000000E+00
23   0.000000000000E+00   0.000000000000E+00   0.000000000000E+00   0.000000000000E+00
24  -6.048503564671E-04  -6.048503564671E-04  -6.048503564671E-04  -6.048503564671E-04
25  -4.823295865208E-03  -4.823295865208E-03  -4.823295865208E-03  -4.823295865208E-03
26  -4.481005948037E-03  -4.481005948037E-03  -4.481005948037E-03  -4.481005948037E-03
27  -4.135787021369E-03  -4.135787021369E-03  -4.135787021369E-03  -4.135787021369E-03
28  -3.783358959481E-03  -3.783358959481E-03  -3.783358959481E-03  -3.783358959481E-03
29  -3.418374108151E-03  -3.418374108151E-03  -3.418374108151E-03  -3.418374108151E-03
30  -3.033064305782E-03  -3.033064305782E-03  -3.033064305782E-03  -3.033064305782E-03
31  -2.615338191390E-03  -2.615338191390E-03  -2.615338191390E-03  -2.615338191390E-03
32  -4.197213333100E-03  -4.197213333100E-03  -4.197213333100E-03  -4.197213333100E-03
# dusfcg dvsfcg   9.409298896790E+00   9.409298896790E+00
